16130000
657500
754700
558600
796900
749400
801300
625600
3669900
926300
567100
491700
495400
582600
1077400
599100
611000
588700
606400
548800
474900
570000
521800
717400
578400
582400
502600
540500
574000
523500
479200
540300
487800
527600
929500
615000
666500
557300
695300
606200
653200
467100
775400
653600
526600
608000
559400
575200
540600
588300
549900
782200
551300
467800
467500
548900
470700
648600
664000
623200
492500
706900
734800
714400
660100
729300
691000
727500
665200
556200
507200
574200
496500
538800
515300
611300
578100
590400
551600
566100
390600
511700
487600
557200
592300
595300
737400
616700
610700
572600
504900
498500
457500
534300
556600
522600
1524300
544800
597700
610600
551800
459700
442700
459900
414500
420400
446800
450400
488000
476300
526200
592000
1191500
552500
440300
483800
490700
444100
483300
398900
405500
455500
564400
442000
445400
436100
404500
444300
413300
388800
428000
339600
490400
414700
577600
435300
462800
513900
434600
411800
418100
360500
450400
385800
396100
393000
352200
316800
452100
559700
366000
419800
490200
356400
344000
503000
494300
531800
486100
542400
386600
356100
460200
421800
1895200
604000
466400
527800
504800
439000
479400
451800
519000
494400
468700
507200
571900
516800
549300
467000
479500
454000
442100
575700
580300
416900
425900
450500
436000
576000
526600
530600
545300
523800
455100
472600
425400
425800
431800
383200
415300
413400
486100
407800
475000
346600
327600
378000
487400
431400
425100
402600
321200
338400
376500
420900
465300
370500
441600
356900
352500
322200
321200
306500
390900
395900
339200
343700
680700
549000
362100
359800
578000
535100
544000
536000
581800
404400
589600
557500
541800
509200
496700
472900
480300
434300
370700
378100
372600
336400
373400
349300
474400
431000
481900
455000
423800
428900
370700
501300
389800
355500
336200
431600
339700
339700
362000
347500
369100
322700
324900
428800
482500
412400
353200
384500
379100
300900
300000
310100
444700
381900
463900
304500
333700
387300
335700
296500
254500
286400
267300
255500
254600
300700
356700
350000
343900
318300
302700
307200
302700
292300
318800
443500
417700
434200
442500
483700
558300
567700
424000
4258700
736900
445200
385200
331900
421300
538700
479300
324900
403100
498400
506600
509100
480800
477000
400600
549500
555600
474400
656600
519200
401000
399800
416600
405300
410700
538800
399900
449800
417000
453200
449800
436500
493000
436500
409600
377200
386300
358000
384200
357200
556200
454000
426700
358500
388800
429800
369300
335300
363400
344600
354000
354100
368100
934100
393000
395700
429600
403900
368500
323500
324700
351600
771500
583800
841300
714100
320100
607400
386500
346500
400000
331300
373800
331700
323800
296400
309000
337800
392100
394800
333800
249500
342500
426400
390900
384000
315100
354200
330800
391600
525000
370000
309200
399400
460800
494400
330900
375400
456700
474000
420700
455700
348800
398000
492500
434500
878400
431700
420800
411600
394600
399900
401800
384100
425800
382200
372200
323200
434600
344600
379800
345400
422800
447200
390400
345200
340500
364100
401300
337100
359400
310100
333600
4112100
456200
380000
402600
407900
377800
366500
364800
485700
481700
316600
314200
309700
406900
399900
405300
355500
373200
431500
502100
440100
419200
440700
432200
415500
472000
454500
420300
443300
517800
443100
379900
392600
398900
421400
393700
399800
434100
333800
363500
359000
362600
334800
338400
345900
333000
327600
372400
320400
325200
367900
355400
407600
432000
396500
403000
387700
352800
299000
410300
413400
425700
377300
418900
458800
582800
395600
347100
376000
365500
335400
434200
426600
487800
369000
439200
360800
324500
344200
354600
344800
415200
430200
401500
395000
364100
322000
290900
322700
515000
516700
382100
336000
337700
363700
324800
348500
422500
310900
288200
336900
341600
343300
383600
340400
338800
408000
359300
352800
351700
377500
406100
335900
436200
376800
574100
325800
310900
333300
411900
425800
376400
298800
264700
329700
315300
304800
333400
333100
355000
360800
306400
488600
327800
326800
311100
336100
323600
279900
402800
352500
284600
400000
372300
369900
343600
348100
322600
269100
261200
291900
422200
638000
383400
394600
355200
295500
244200
249900
396000
686200
365700
359000
292400
295500
355900
356200
290300
330100
372200
421800
416600
417700
302700
317700
340900
470600
352500
406200
304800
305500
388500
427500
319000
297400
327400
341400
345800
335300
414000
334000
336300
366600
386200
445000
396200
340300
372400
343700
319000
444900
332000
353500
350200
366100
311100
331700
310700
378000
296700
314200
323200
344400
335200
321100
328500
351000
344000
366700
348900
335000
316800
338200
336000
324000
319300
367700
404400
416200
412200
361900
348700
374100
391900
337800
335300
368800
356700
366600
367700
380600
386300
366400
354300
332300
353000
378200
303300
332900
291700
352800
313400
351700
331600
351700
358200
326300
448100
326900
355800
386700
366400
341300
400200
325900
338000
365000
366700
362600
325600
351500
363000
319700
400900
841600
402700
442200
441200
487400
494800
362100
352900
445400
564400
435900
390200
350100
363100
333800
370300
371000
340900
359600
334400
388100
343900
347600
368000
323100
372000
388900
358000
376500
351800
312300
385800
393900
321600
320300
316900
309100
292300
340600
363900
282700
272500
316300
295700
320100
277700
287200
366700
269000
274800
288300
303500
295300
318900
305500
374400
501700
295700
307900
295700
378400
394300
397900
413800
264800
323100
321700
380000
305500
4526000
759400
350200
280700
275000
316500
263800
298800
465100
416300
370400
351000
329000
350700
329000
320700
329200
317800
321600
443200
466000
363400
357600
364400
297100
280300
350600
338900
347800
408900
340000
282800
365400
428000
336600
389500
422400
409700
354200
337700
396100
440200
448500
370600
315000
385200
350500
332500
337300
329300
335200
431900
334700
344300
420800
438000
430400
287500
298100
391200
400400
406000
347600
326100
351800
470400
495100
413300
410500
415200
409300
429900
425600
512700
420800
388000
400800
389800
414600
454500
389500
422400
441700
424600
403800
334100
377600
382100
1060300
631800
448300
525000
473700
410900
397000
5469000
457700
352200
621700
436700
440200
383000
482300
381100
485100
386300
338100
603300
434600
405800
323900
379800
496900
461100
330800
367600
395200
495200
508900
475900
432000
459600
420800
527300
426600
392800
403700
489900
459100
448800
446200
502200
468800
432200
455400
343800
396400
475300
410000
470300
370600
354900
354300
332500
686100
458600
397000
394800
378100
367900
505200
370400
342700
362600
421400
440800
340800
543300
412700
453600
385200
376000
382600
562100
437600
461300
369800
418100
500000
558600
331300
417900
459300
541500
449300
382400
400600
442400
424900
293400
370700
352100
657700
463400
384200
475600
397500
446200
457500
434500
406400
454500
427000
800500
465100
617100
2047700
1106500
585300
534600
460900
535000
379800
652000
422400
391400
394500
354500
466100
335400
450900
466700
