21770900
7138900
7860600
6005400
6874600
9100300
9500500
13380000
6340100
6160000
10136000
6505100
6343900
6909000
8472600
6025300
10404700
9437400
9100600
7107400
12622600
13100900
15383500
13596900
10276200
14073600
7939300
12836300
12613500
8844500
13621000
10161300
9987100
13081400
15918500
12380800
14761900
15555400
15439900
14621800
12909600
16011500
14673500
18537600
16220200
11547000
13948900
10656800
11111500
13633300
12205000
13067900
11977900
8726000
12468000
11910100
13777600
12728000
12615800
11413600
7320900
11495500
14313100
7075500
9919400
12135900
12799300
11806400
6877000
6178100
6163400
6528000
13719200
11632800
12653000
11163800
6844000
7081500
6094000
5941100
5975700
6510300
6625400
6049200
5837100
6186500
6117300
7683300
7356300
9542900
6470900
6452000
5730700
7677700
6724300
5982200
9294400
11911700
6050500
6598200
6120400
14376100
6423400
7454800
8746700
9155600
6420600
7651000
6041000
7734700
5653600
5584300
9453600
9524800
10309700
11620300
9738800
8800000
7895100
5701600
5916800
5967900
6104500
10633100
11062600
7139300
11921200
6034900
9255300
6451900
11432000
12369100
12528500
5919700
6251300
9177900
5960700
9229700
11027000
6680400
5968800
6102000
6483600
6242900
5814400
10528400
10567700
10464900
11129200
5887900
6098800
6202000
7588400
13502300
6526200
10279300
9814300
5984900
8564800
9136600
7642400
11339300
5960100
5809400
6660400
6092800
6502400
10883900
7945100
12336100
7204500
9614900
6023200
5972600
8797900
9605200
11142900
10639700
11573900
11582000
6062600
6126900
6529100
6008400
6118600
6575300
6170200
6327800
6025900
5898100
5981400
6048700
6063000
5904700
6100100
6985200
6139300
6103100
6042800
5935100
6385900
6927700
6459700
6353000
6316600
6029100
6012000
9165000
9847400
6112500
6039800
5994400
5775800
13747800
11085900
9750900
6213300
5957400
6296000
6192800
5704200
5951900
9785500
6386400
9183900
9616400
6586300
6352700
13661300
9557400
9276500
11756400
10151100
7958800
12987500
7663300
5915500
6096100
5757100
5469100
8311800
6027300
6302100
8350500
6612200
5854600
6356600
11179800
6206900
7851800
5818700
6143900
7476100
12810100
6331900
6088300
6270000
6933100
6284100
5765700
10547900
6470300
6134900
6146100
6796800
5986900
6536900
7299500
6320400
6023600
5831600
6718200
6549000
6206500
7016600
6120300
6281400
5841200
5820000
7391300
9602100
6915600
8854600
6708900
5991100
5967100
6466800
5620600
8238800
5943100
6808300
6633900
12449600
6580700
12262500
11365200
6406200
8897800
6870600
9879600
13573100
11508800
7483000
7004100
6357600
9438100
9178500
6764900
6670300
6453800
6773800
6843000
7296800
7121400
9008000
7095700
12525700
6362200
8240500
10258000
9293400
6976300
7823200
6794400
6063400
6660300
12425100
8253100
9411500
7968800
6731500
6734200
6613300
11556100
14606400
13625100
8937200
8841100
7834700
11766000
14280200
13138100
7039800
10481600
8451700
10184900
11063200
13336800
11842400
14319700
15773400
13547200
8101400
6416400
6562700
10953000
9186900
10876400
8174000
10728200
7795000
16004600
12706500
6317300
11435000
6613000
10887900
5895600
7508300
7632200
10919600
6933300
8021200
6530800
6971100
12600500
7759500
6954500
6132800
8461400
8089700
6295300
6918900
9380200
9932500
9527100
6761300
10127700
10851300
9478400
11877500
7253600
6231200
6864400
6899400
6473200
10813700
9291500
13059100
13112700
14520100
5798000
9726400
14269900
7278400
5802800
9786000
6455100
6304700
6618900
7614800
8346300
6542000
6528200
7276400
6684000
9041700
9033000
6073900
7455100
5937500
8198000
8551300
6073100
7305200
8767900
10527800
6137600
7726800
6142400
7033100
11419800
6554200
6436000
11872900
11800300
9574100
13050600
12602100
12171600
12980800
6713600
6194100
6794600
11987400
12953500
10983300
12867000
9804800
8870500
12143500
15761200
10656400
6510800
6742300
7684300
6994900
7456000
10316300
6112400
6700200
8973800
8509400
6062100
6163400
10157200
6422700
6015200
5894200
6674600
5953700
8260600
6013400
5844600
6584700
6002700
9699000
7613200
5806000
10437000
6193200
5972900
5979200
6516000
6590500
6023600
5905900
6110500
6072800
8347700
7484600
12363900
5896200
7636200
12800700
6288600
5708300
8228100
5899200
6375000
6073900
6048800
6191200
5967100
6289200
6336100
7033500
6320600
6445500
8205800
8922300
7324000
8664500
5723700
6901900
7552100
12237900
11936600
6771400
5927100
6348300
8847300
5774300
7278200
12900000
5886100
6061500
6241600
6135800
6007500
6800400
6554300
7339800
9466100
13241100
9560300
12214700
12858400
7425000
6364700
6075000
6234100
5823100
5920800
6188400
5838100
6090700
6155200
5909500
6214200
6474200
5870300
6658400
8881200
6207200
5976800
6976400
7251300
7392800
5884600
8397600
6435500
6196300
10074900
6137100
5844000
5929400
6794200
5765900
6016500
9033700
5566700
6424500
5971800
5836900
6105000
5728700
5768200
5894200
5849900
8966300
5678500
5765200
6051900
6361800
5936500
5838100
5912700
5806900
5830200
12001200
9144200
5884700
6647000
11378800
11726000
9739600
5954100
5807100
5994300
6253300
7434300
11837900
10309200
6378500
6825200
10745800
12214000
7555600
6299900
6100000
6033100
6291000
8845000
5910200
5640600
5629400
6541600
6027000
6898300
5992900
5775800
5804900
6551700
6693900
7774000
5630900
6550800
5739000
6765700
8642400
6002400
6221500
5500400
6176900
5850300
5917100
6116600
6196400
5718500
8662100
8629400
9322200
6283300
7775400
8444400
5783800
6371400
6138600
6787300
6043000
5734900
6017900
5704800
6352900
5794200
6405800
5901800
6034000
5886100
5730500
7820500
5691900
7246900
6083300
6168800
9804900
6290600
6127100
6210400
7167100
6010800
5837500
6085800
8407700
8077500
6283800
12891900
8085000
6390000
6438500
7199600
13033000
6891300
8339300
11733400
9845800
12309500
13047100
8657200
6986500
7254900
8055700
7124400
11014000
7177800
12726300
6782100
7808400
13228500
7462700
10614900
6850200
9331100
7071000
14891400
9643200
7011800
7052700
6440100
8074200
5990700
5974800
6025600
14151300
6392200
8132800
6321200
6386000
6704900
6529000
6206700
6292600
9417300
7001100
8144500
6507900
7408800
6692700
7489300
10883800
6100600
6337100
6905300
5791800
6052800
6343600
6343800
5941800
5976800
5745600
6592400
6281700
5919500
6069800
5789700
7228200
6272800
5865000
5984400
9931900
6403000
6065800
6241500
5898900
11699900
6080200
6243500
5631100
6163800
8623600
6105700
6034300
5979900
6263000
5945600
6249800
7016900
10024500
8028100
6699600
5924200
6263800
5558800
12363700
6428000
5887900
5922500
7764400
5741200
6695600
6202200
6364300
6390000
6506400
7394500
6472500
6488000
12310700
7002900
6093200
7136000
6558600
5765900
5923200
5916100
5783700
7037900
6426100
5971700
6049300
6419100
8243600
6093000
6372500
6528400
6600500
5981500
5847700
6470500
6465500
6385200
5830700
6367800
6457200
6367100
6826000
7135100
6445500
6632700
8636400
6250700
5744600
7295600
5944100
6055000
5882400
6021600
6924300
6638800
5916000
6309100
6176600
5799400
5839000
6730500
6187400
5766500
6049600
5774300
6524000
6541800
11643500
6038700
6218500
9660200
8181500
5782500
5975200
6209500
5962300
6108600
5949200
5801100
6706700
5846800
6300300
6350700
6007800
8507800
6227400
5993600
5944400
5810300
5958500
6018100
6027400
5532300
5905600
6234900
6077600
10401300
6354500
8065700
12204400
8697000
6266000
9262300
6056100
5599100
6300200
9019300
6073100
5862600
5724600
6227600
6702800
6428500
6077200
13651400
8128300
5810000
9426700
12171700
6522400
9219700
6771300
5683600
6233500
5992000
6582300
6468100
6361800
15544900
5976600
6911100
7670500
5892300
5729800
6111800
5689400
8150500
6007400
6149900
6120900
5852200
8130200
6533100
6585100
6230800
6129000
7440300
8454600
5928400
6608100
7611500
6399900
7259900
6177400
6151200
7038800
7397200
5887900
6049300
5797800
6369500
6146000
8990000
9284200
6127200
5735900
8830800
12716800
8395600
7945300
7025300
8324600
13416500
10919200
10678000
8128800
7956000
11803000
6534600
6441100
6550800
7792900
8785400
7559500
6478200
6555300
6370700
9556000
10681700
6303200
5897500
6000500
7334600
6437300
7793000
7447300
11905400
11224300
10847600
6338800
6522900
6241400
5928900
5731300
7551100
6034600
6381900
6140600
5993400
8118800
5979600
7751900
5927200
6747400
6902800
7316700
12156600
8810500
6009700
7225600
6489900
5871500
11353900
8050400
6235600
