27660700
10774900
7251800
7928500
8982800
11644700
9695000
7218700
11626200
7444400
11417300
11280800
19574800
12866200
14374000
16726800
13448500
13548700
28515500
23179200
18227700
21837300
16076300
24646700
17337900
12296200
28765500
31895200
36360300
19817400
26015100
17777200
20786700
18221100
14953600
16146200
10411700
11262000
22343300
11060700
10184200
20754700
12780300
9433800
19944300
14719800
11510500
14827800
8181000
15753100
8306500
7631400
8002600
8398400
19194900
15238300
18437400
16152400
12944400
14306300
9838300
7267000
11225600
18321400
9547100
13112500
7195100
15828700
14423500
8142500
12256500
7353900
7330900
9095900
7419000
11436600
15489200
12592700
7579200
7231900
7205900
7164900
7348400
9804300
6980900
7374200
7526300
16447400
13213300
8694100
15432200
7979100
7689700
7443000
7509800
14470400
13168700
15025000
13052100
8292100
7350500
13120000
14741100
13438800
7755700
13229400
7922800
13427700
7045500
13632200
14679300
16270700
13482000
13722600
15685300
18338500
12840300
7075400
7673400
7204800
7261100
11640100
8265900
13715900
7293800
12680700
7231100
13205500
7655800
6996600
17197500
13046400
7781300
15254200
13484700
7287000
15406300
7487500
6956600
7310000
13386300
12710100
15476700
7657200
15035600
9261200
15589200
15813600
7339400
10475400
7153900
12534400
13493800
13304100
7326300
13021800
15931600
12620600
16247000
7674900
20784000
18514200
16919700
9579100
14492200
14096900
16169500
7257100
13894500
7329100
7184900
14364100
7005700
14961500
13070200
7656900
7538200
12477700
14039000
13397200
7478500
7679400
12812500
8756000
14985200
13679600
7367800
8157500
15683800
13619500
7721700
7823900
13240500
7954600
12414500
22586400
7494100
9000900
16012600
7584300
7706600
7988100
16429500
16415900
17355900
8414400
13867100
17238300
13358700
13618500
15099300
10065200
16719500
14527600
9223300
13601500
16975700
11981300
15826600
15365000
19060300
9314700
8126800
8120700
14778700
9301100
9657400
10029500
18811500
17745200
12195800
18251700
16528500
27367700
14920800
29534100
24236000
12485700
26347600
36543600
13551100
39922100
17795500
34002000
35993200
25166000
13792400
11099500
13629000
20566700
21028500
16961300
37838300
18651600
12813400
37333900
34674300
49042300
9228700
19749100
18339300
7353400
14091300
14437800
9540200
7233600
8135800
8099500
11727500
9682400
8223600
13184900
21538600
10505200
17452900
8376500
8936500
9806400
11355600
11140900
15701700
8609600
17078600
17355200
18665300
17831400
9528200
8126700
20882600
18276800
13129300
10687000
13111500
13462400
14006100
7311800
7513100
13954800
7598800
12517500
7085200
14430300
14189600
18180200
12847500
8809000
7380300
15777000
15806500
17003800
7221900
15964700
7242000
8833200
7043300
7791300
12634100
7234900
7388300
19538800
7958600
7744300
7512100
13441300
7096000
13528500
8464600
7082700
7056100
7190000
13593000
18935800
15177900
13284300
7419100
16429300
15563200
8308200
20346100
11992400
7718900
7941900
18202300
12864200
7041900
8528600
7063400
15679400
12984200
7365800
7614900
13095800
7274400
9110500
8300300
12146000
13931900
8230200
17362800
7262000
7077300
15569500
19214600
10981100
17835800
19517800
7186300
13018000
13376600
14345400
15571700
6964600
11734800
8417500
6869100
14762900
16330100
12355200
7497800
12272600
7152500
12959700
8304300
13238200
6991300
9697100
14106900
7811200
15265500
14232700
13832000
7311900
12511800
11271600
7657700
6880800
7247200
13163700
14097500
12742200
14767200
14890700
13225000
13473600
7247300
15899700
12157100
8189600
7062200
6922700
7290600
14557800
7473500
15834200
7428700
7782600
7479500
13438800
12715000
19633000
7726400
7333500
7226300
14542900
8024600
13115700
16369800
16683100
14145500
16020100
8378400
7686500
11757600
7878000
13034500
17700000
8201400
17808200
14007300
7947300
7471800
9541800
7606100
8506300
7810500
8158500
7757700
9304800
8228300
14823000
9417500
18985300
19827600
17011700
16254600
17089400
15948700
7903600
15219500
8057700
7621400
14664700
18200500
16652700
11605700
16637000
15497100
15267700
15153300
13593500
7402700
11987300
9049100
13598300
7350300
7189000
6840200
7199800
9312500
7477200
10932300
13107100
7146800
11781500
16909500
15108100
12568600
13632100
12894900
13197700
14956200
12713000
9779100
8287000
14338700
7328700
13902900
12609900
7809900
12163000
7018900
7771300
8090800
7256900
14053800
12429800
14793200
13455200
13319100
14115700
7778100
7998600
7344200
8390400
14439000
12461400
7233500
14566400
7411900
12764400
13209700
8298100
7591200
7113100
7127800
7350400
12702400
7078800
7372100
9211700
16802200
12547600
7420600
9487800
7193500
11995100
7245000
7181000
7724800
7220100
12619600
7280300
13293300
12769600
7110900
7100200
7401000
7200300
7077900
15328100
9033100
14996600
7177500
13597400
13524000
14525600
15113500
7765400
7022500
7307400
14551500
17607800
10054500
19126100
14990200
13061400
15061200
7269400
8238300
8465500
7821900
12874200
20146800
11952700
7121500
19182500
7346800
7404000
7849700
13307000
12653500
7558900
12171300
8659600
9082100
12633100
7323600
14775800
13041800
13815300
13394200
14981300
14671400
7628700
7740200
13806900
7793200
15654500
10423000
20461100
8142300
16339300
16652600
14058200
8209900
16793900
12106900
13002100
7663700
12128200
13530800
13424200
11863100
7255800
12691900
7144000
7824800
14680100
13466500
13706800
16550600
12658000
7310800
7679200
8893500
10497500
7103600
7426700
13846400
14421200
12492800
13386900
13306600
7136000
12036500
7068700
12311400
11964900
11786300
7184300
9889500
7023500
12673200
13187000
7183700
11605400
9141500
6503100
11990600
7145600
6709400
6731300
15770200
7366700
6889300
7057400
6915400
7311300
7287600
7720600
11568900
7190900
6906300
8990300
6848100
6894800
6522900
7697100
7067500
6728500
11404800
7358300
11246000
12098300
12667600
6740100
6374700
6359900
6635400
6417000
12657200
6641600
6888900
6888700
6756700
6658600
14408300
6689700
6683400
6550100
11498500
7306400
6576200
6509100
6901700
6627900
6409000
6499000
6620700
6944900
6764600
11137400
11902200
7618600
6894400
12289500
11279700
6800400
6530800
6526400
6797100
10707300
11174300
6857500
6503400
12075300
6464500
7048800
6518100
11037500
6701000
7275200
6787500
10821100
6475700
6549800
6435200
6838100
6502900
6577000
11483700
12278800
7693800
16720600
11411700
6817000
6413700
11875700
6473300
6641500
6619700
6480000
11015100
11479500
11258400
10731500
12741700
6545400
6726600
6596400
8155700
11071600
6957700
6767100
6672800
6744400
11959600
6783800
6653100
6601300
12943300
12265900
6548000
6551100
6594500
7264300
6530200
6495500
10940200
7261700
6450900
6629900
6369000
6547500
12405600
14543700
7489800
6748400
14842000
7133100
9885700
6616600
10989100
11821100
11594200
6582500
6668500
10935500
6712200
6536500
6697100
6572700
11510600
6517100
6631600
6687800
6429600
6474800
6534600
10781200
11216800
6541200
6511800
7281700
6506800
7057700
6472500
7213500
11031100
6894700
12596500
14430700
11336700
6791800
6639200
6507800
12169700
6724000
6659900
6659300
6523100
6491800
8959800
6896300
7403700
6905100
7829100
6644200
6557500
6525600
6512800
6761600
6500300
6720700
6525500
6929300
6642400
6585800
6632300
6523700
8307000
6540900
6665200
11168700
8900000
6593500
6631000
6585400
6546400
6526600
6525200
11119000
7048600
6626600
6520300
11162600
9422300
6776800
6634000
6531700
6585100
11067300
6653100
6695300
6563100
7172900
6541900
6649100
6509000
7163900
6540600
6528600
6511500
6528900
7284800
6675900
7406500
6639800
7005700
6689700
6556900
6637100
6541500
6743700
6516200
6621700
6667100
6567300
7117200
6454200
6651300
6593700
6514200
6933100
6529200
14961700
6793700
6580800
7696900
6497000
6624400
11051600
7556800
6637400
6642900
6586300
6458500
6570300
6550600
6662300
6499600
6500800
6599500
6496700
6896900
6614400
6555000
6602200
6533300
6637600
6583800
11267300
6652400
11375900
6789600
6707600
6497000
6829500
6476300
8092700
6574400
7643900
6545700
6534400
6494900
6520300
6761900
6631800
6722200
6592500
6586400
6658800
6583400
6530500
6512200
6788900
6618600
6609600
6572000
6568600
7259400
6724100
6643800
6589900
6612800
6803600
6524000
6594700
6588500
6537900
6807000
6630400
7392100
11585500
11476100
6806900
6937700
6768700
6495400
6537900
8593600
6562400
7492800
11858900
6864200
6602200
6676300
6513400
8077300
6609700
12189000
6768500
9231200
6588500
6708100
6513300
7920700
6729000
6932000
14387500
6682700
6610100
11361200
7027600
6579700
6573000
6583700
6525000
6727000
6573000
