6174600
874700
491300
366200
377100
512300
497000
418000
429100
476100
482800
478000
437500
507600
473400
526400
567800
489300
591900
499600
449300
424700
372600
397300
464800
390600
455800
426600
432000
481500
467900
392400
433100
486300
444000
403900
385500
354800
343200
358300
449000
480800
453600
431100
421300
488200
354100
372000
340000
377900
347400
361400
353300
923300
404400
381400
430700
333500
337300
376400
410300
327500
540200
768900
617600
839600
334400
403800
345000
313200
404600
395000
334100
317300
315500
338800
339100
305700
357800
399400
387400
320800
288000
342200
402100
380600
411500
317800
296200
303300
456600
479700
391900
335500
363900
470900
504800
346300
353900
383800
451000
446900
342000
398300
529100
481700
425500
883100
445400
423300
401400
407300
402700
377200
383200
438200
387600
350900
392800
390200
366000
378300
328800
342500
345200
411800
382300
339800
334300
381100
411400
335700
334800
373600
351100
3921700
573400
473600
401900
421900
340600
308600
388600
487800
454800
307400
325400
353700
403000
435500
400300
391900
416400
469500
402400
436900
421100
428900
425900
526900
463000
474300
428700
562100
376600
359400
368900
402000
421400
405400
442300
454500
339800
370000
355700
352200
351700
321200
350700
328300
333200
348900
327300
335200
370500
337100
426300
413500
382700
402900
369300
330500
354000
409900
399000
385000
380700
367500
441000
529400
385100
402900
372300
398600
353600
353500
469800
397000
440800
396100
414400
354700
375100
363400
360000
436800
390500
381900
361000
323400
380000
332700
316800
267800
412400
404100
407900
339100
341300
329800
370800
337700
331800
320100
377800
344800
346400
335400
358400
342400
327200
359400
406300
355500
384000
360100
399400
365000
394600
409300
430000
349500
309400
309500
405500
489200
437900
251000
257200
252200
344200
312100
318900
319700
356800
359600
354600
282100
296800
336500
326200
336700
312300
304300
318400
382600
336800
326300
304100
309000
335900
367900
366900
307100
327600
282900
316700
437400
623000
389500
378500
377800
271100
293000
269400
353600
420600
654200
318100
308400
336300
321200
348800
290400
339300
319700
410500
477400
427600
299300
312900
353400
422300
391000
399000
291600
288800
362500
397800
413100
281000
301300
323400
385200
365100
388800
327700
355500
351800
402000
412900
395200
328200
306500
320500
340500
355400
414400
324800
349200
349200
384500
340000
376100
390200
288000
296200
328600
323400
316600
326900
322200
344000
322700
376700
372900
396000
302400
313100
308700
322300
316900
329500
423000
398600
407900
361500
355600
339100
360400
359600
339100
335900
370700
360200
377300
372800
372000
379500
362500
356200
362200
326400
393600
355900
298200
308800
298900
428600
340100
372200
366100
329500
426200
317200
311500
387100
398500
395100
381500
320300
324300
322100
347600
356200
347500
349400
339300
312100
289400
464400
532100
447300
424500
436600
476300
518800
722200
453000
545300
459000
396200
353300
344700
354900
366000
372400
344800
338600
352100
374600
343700
340700
373500
334700
370000
337700
339700
354000
383900
281300
344900
337200
422400
349400
342300
322700
292300
353400
308400
282800
298200
307500
310900
301700
287700
303300
305100
292000
287300
316500
328500
298300
308700
341800
338600
341600
384900
289300
294400
318900
379400
398000
377100
434500
308900
315000
330500
314100
353900
4397300
905300
321400
293800
293200
280500
339400
434700
390600
361000
335600
326500
353200
325700
324100
320000
327300
316200
335400
488200
411000
381200
345300
330500
350900
352700
340600
342000
353500
308100
330400
343600
500200
319500
385100
426800
370000
394400
350500
363300
464100
396900
448400
310200
323600
357300
321600
362700
348500
352900
410000
316600
362600
386100
445100
436200
280900
317400
327000
380700
387700
409300
304600
297100
394300
464500
512700
400000
393400
416100
407200
433600
460300
487700
404200
387000
433000
416800
434200
438000
405900
369200
433100
419000
404400
370600
378700
342000
1274300
476400
380100
623800
489700
419900
5674000
534500
552900
511800
401500
410100
363100
518900
484500
345800
358500
384800
602700
465700
319900
322900
387400
502900
455700
352400
341300
427600
502000
482200
529200
513200
452600
571000
398800
427000
443600
436500
483200
447100
451900
485000
487900
420400
459800
362300
373000
370900
508500
445900
387800
367200
366700
337000
646300
316200
394600
397600
391700
381300
393500
456500
440500
348500
506800
422500
377200
312800
579200
407000
484200
370400
359000
545700
461700
492100
354300
393900
479600
523800
357300
336800
409200
463500
513000
430700
370600
412000
446800
491700
370300
297500
461100
575200
500200
363800
429300
430600
402200
380000
483200
434900
391800
423900
585600
671200
2048600
1342300
477700
639800
439600
703300
660800
405000
389500
358800
401700
383000
419900
381400
490900
414400
572700
581500
380100
752400
388300
355900
411000
644600
695700
522300
743100
751300
855500
992800
466500
592600
1604900
1426200
683200
591100
555600
548900
449800
413000
954700
2515200
826300
1373600
1191500
425500
398100
802100
491200
501800
722800
477200
671400
1198500
506400
704900
459900
469800
337000
313000
433200
412700
358200
309100
302100
316600
334100
341100
286700
312800
312400
255300
682700
517600
312200
282100
277300
477700
428200
351600
262300
290000
321500
410100
408000
430800
365400
326700
348900
376100
385800
379200
375200
374600
333900
392300
357800
385300
346700
380600
809400
340700
386900
289500
293400
296200
329000
300200
334000
407600
339900
319600
336600
340500
426700
312800
322000
322500
379600
385500
377200
372200
432200
351800
278600
272700
360800
421100
438200
271300
281000
357100
407600
431200
368300
293400
294300
336700
420000
419600
387700
282100
278500
452600
461600
380400
308900
286400
329800
448000
386700
366300
302900
373400
390700
462000
358600
309700
306900
307700
473100
429300
334900
327100
397100
380900
411500
344800
360000
439700
334800
335700
336700
371400
345100
335300
380000
394200
340100
399300
356600
334900
291700
275400
265900
277200
259000
313300
416400
313800
308000
267000
274800
328200
444600
313800
301100
297500
293300
305400
317800
294000
290100
423700
326700
287400
315900
312500
302500
310000
295100
300100
315000
312300
311300
347600
360800
315600
376100
344000
308900
337700
317200
314700
315600
319100
297300
322700
270000
310000
264900
299200
388700
349600
392700
286000
291500
346800
431700
388100
335200
316100
319600
437100
411800
385300
346600
308300
376100
373100
423400
380400
319000
449500
372700
362200
455100
434300
359300
341600
330800
369400
384900
400700
347600
358300
329300
305800
333800
389600
482900
414200
341700
299200
281900
330700
323100
377800
390400
375400
370100
264700
328000
982000
303000
370300
374100
390400
275800
270500
265500
332800
378600
320300
313700
282800
282400
351800
382400
366500
316300
393500
277500
386900
381600
331300
372000
276200
275200
345000
353100
409100
255200
265500
254900
350900
375500
379000
298300
254900
257700
284200
365700
340700
390600
326700
