23137800
12425400
10512400
16717000
10494800
14127500
12912300
14757400
11076100
15892700
11635700
11562600
14805000
17730900
15502900
14017800
14163400
14452600
14444000
17595100
15432500
21103500
13902900
13131000
16533500
13081600
15310500
14273100
13571100
11180300
11906600
12839500
14602800
13905900
13005400
13843600
13574600
9643900
12861400
11125300
13110900
13796600
13884000
10947000
6153400
12091400
6399500
6332700
5875000
5781900
6244000
6307100
6369000
5406100
7041100
10904900
5789500
6294700
6799300
6609500
6308000
10863300
12545000
13888900
12760900
10277700
6922000
6873500
6454100
10400400
6183700
6090300
11611700
11222800
6536600
6010800
6063100
6225100
6302400
6992400
8129600
6867500
6053300
6128100
10016100
5923000
9767300
6916400
9185200
6520300
5914000
5943900
5922000
5874600
6201300
8695100
8856000
9128900
6700500
6844300
5602200
6097700
5832700
11764700
5905000
6437700
6590400
6710900
6020000
6326600
6220500
6439800
6709800
5990400
6034100
11640000
5893900
6133100
6050000
6943000
6361400
5894100
6060700
6417200
11766100
5781400
6967600
6739900
6358400
6066500
7205600
8015000
5907200
11877700
9002600
8416700
9406000
10540900
11447600
6482400
10955900
6128800
5726800
5865400
10239900
5778900
9012700
6049000
6492100
5691200
6437900
5964200
6088300
7620600
7236400
6752600
6116500
6127000
5891600
5998400
7430600
9658500
7898100
6122000
6177700
5911800
9653100
11712700
6159700
6125000
6998600
6503000
5808300
7889900
5902400
6019800
7222000
6053000
5870000
6327600
5826300
5787100
6163600
6337600
7789000
6533400
6148600
6605000
6214300
6284600
11977000
7516100
5867100
5977700
6441800
9542400
8117900
6239900
6219700
10478500
7978000
6287800
6714000
5986100
10652300
5809600
6408500
9772600
9779300
10137000
9242600
9581400
14187700
5838300
6419900
6602300
6359900
6183500
8505300
6139600
6597400
7431600
10297700
11757700
10158800
6751400
6532900
6303000
5901100
6189300
6111000
10798000
5897100
6147700
8236600
12142800
8873900
8091600
5970200
7473200
7731700
6518500
6588300
6999800
6571000
5985600
6875500
6313800
6111200
6086700
6258900
6808000
7077500
12147000
6105000
6114000
6383400
5755300
6393500
11215400
7524400
5779600
6904100
5994100
6446500
6297500
5735800
6198000
6154700
6143000
6327600
5620300
7296600
6159800
5864700
7557600
6580200
9603700
12306700
6435200
9907500
9365400
10099600
13198300
7368300
10215500
12908200
6399200
9810700
10103300
12341200
13092800
7140900
6380800
7230100
11024100
6952800
6773600
6042700
6488500
6655700
9376200
6602600
9102500
9594100
12582500
10650000
6447400
7448500
6508100
6954200
13036600
12417100
12065900
6311800
10840400
6958900
8176600
12966400
9884300
13591000
13862900
17250700
11349700
10165300
15031500
8992400
15235700
15730200
13906200
16125600
11932600
7544800
9125200
10366300
7745500
8651600
10996800
9158400
7079500
7358600
12678400
9513300
9514500
6395800
7004600
7077100
10597500
6005700
8984900
11691800
7986500
7079400
7976400
6231300
13134300
13674200
11339200
10009200
14867000
13958200
9614500
7985100
5741900
8781400
10287600
6071300
9660000
12015800
12236200
6387300
7684600
6518200
10097900
12937300
14431600
13596800
10483500
6070100
7482600
10080000
11316300
6262400
6025900
5893700
8568400
6117800
8530600
7793200
9127100
11727400
9324500
8620300
10397900
6062900
5817400
12240200
6283500
6368000
5932200
8780000
6088100
7361200
7710200
12034800
10899700
12418900
13976500
12285100
9909000
9463400
12718300
12603600
8132400
7449100
10638300
12454800
9089800
12656700
11158900
11559600
11345700
13316200
6431900
15696800
15275800
12533600
7695800
12758100
6424800
7057000
10593100
14032200
6724300
7028300
5977500
6839800
6562900
8257500
6150700
6159800
6486300
6183900
5990300
7781600
11985400
12104700
6075300
11562000
10456200
10521100
6055200
6249200
11932800
6356800
6178200
10304600
8628800
6907300
9117300
5689600
5996100
5833200
6669500
6614000
5913900
7444200
10160700
7196200
12171400
10309100
9160000
10482100
8920200
6331300
12458500
8098800
7973200
5750100
6709900
7516500
12505900
5984400
5841000
6827900
6438800
6529300
5959500
10402800
8413600
11926700
10256800
7827200
5854900
6314200
7001800
16056500
13219600
11828900
6756800
8491000
12881200
7387700
6423100
7148900
6146300
5768000
6311200
5868100
5779600
6398800
6155300
5812800
6319400
6038800
6506400
6564300
6285600
7187300
13270200
13713500
10768000
8937700
10042000
13031500
8200900
5837600
5822200
5789900
6122300
8492900
5714000
8595100
5667400
8326500
6581500
6006800
5845800
5875300
8864900
10290000
5973400
6357200
11741900
6002200
5720500
9392600
13484700
5658200
5854500
12971900
5789600
6582100
5881100
10487400
5925900
5928400
5906300
6068000
6853800
5833600
5745300
5876000
5967300
7249800
7045000
6161200
5920900
5690100
7241200
7520900
8706900
6469500
7398500
5741200
10106100
8912900
6876800
5996300
5944700
5749200
7098000
6137700
6987100
6366500
5769200
5778200
7859300
5665000
8624600
13633300
10362300
6273200
5985700
10756800
8458500
5875200
6615600
5791400
6644300
6135500
6282400
5776300
5755600
6298800
6530600
10310000
9592000
10258600
7786500
6149800
6057800
6029300
6032000
5848700
6078500
5861200
6571700
5791600
6280500
6411700
5877000
8002100
6836200
6161700
6310400
5998700
8215800
6226600
6037200
5761900
6876700
6827500
6267700
6104300
8186200
11547000
10090300
11981200
13025400
8458100
7161000
12138000
6736500
6670600
6305700
7051600
6577000
6499500
6528800
7001200
6624700
6232900
6453700
6423500
6586400
7808600
8197100
10986600
12906200
11505000
6579200
6285900
7132000
7055200
7038400
6255300
6438700
6265300
7048300
7019600
10069600
6561900
5812000
12274900
11897700
9913300
6292000
6529900
6738900
6421600
6931600
6631700
6189600
6770200
10043600
6388100
6691800
12496800
7601900
6750300
10219700
6375800
10458300
6031900
6387300
6536100
5957100
6180700
9956900
6415000
9528000
8926100
5959100
6594900
6413000
5806200
9526900
7232700
6234400
6004900
6167200
5832100
7730300
6135900
11760800
5973100
6269200
6533300
5762900
6073600
5820300
5979400
5762100
6058700
8789400
5725800
11971900
8347900
5977200
11190300
10974100
12386800
6565600
11900200
5950800
6166500
6814200
6666500
14017200
6468900
6149300
5970400
6296300
9258700
6782900
12726600
9612600
11319500
7403500
6531500
5971300
6103600
8123700
6291900
6006600
6094100
6417700
6407100
9809900
6190700
6505600
6462300
5825000
6304700
6364200
6485800
9620400
6919300
6655500
6640100
5990000
10462400
11691200
6050700
6266200
10727800
6524200
6670300
5952600
7094700
6045300
5786500
5593000
6104700
6296000
5926300
5964700
5877900
6393600
6685100
6102500
8107600
8485400
6453800
6398700
6681300
7355600
12234700
12432900
10683000
9406400
6156600
12657500
6088100
6183000
8784400
6019300
5873400
10204200
6469900
8035300
5884900
6232000
6019600
5891000
11022000
9478200
6188100
9510500
6333000
6570500
6396200
11854400
9693000
9114100
6080300
11841200
8871200
8270400
5932600
6083100
5572800
7923000
5853300
7564400
11118400
12178800
5835100
6554800
5912900
8037300
6082400
6377500
6391700
6617400
9666000
6113400
11769200
9995200
10197300
6075200
5622500
8763600
5899500
6097300
6102500
5931400
9318800
6577700
6381600
6367100
7568600
12219800
6314400
6794600
7327200
6540400
6215600
6317100
6516900
6067700
6085800
10260900
5925600
5995200
9087400
8268900
5919500
5852500
6184300
5653400
9153800
6500800
6416200
6402300
7494100
9666400
5897200
6634900
9186200
12227500
6668000
6549600
8607900
6385600
7824200
6539600
10161400
6620500
7400500
6460600
7125200
7478100
6655900
9846900
11365600
11003500
12021600
8832000
12371000
8640800
11393500
9770700
6130200
5783900
6658100
6212700
6161500
5737300
5691500
8244600
6028700
6447500
6128200
5993700
6431500
6176900
7782800
5936500
6561300
6945600
8777200
6145100
5790500
6261300
5991400
6692700
6421700
5799200
9108200
6184300
7252000
6273800
11525000
5917400
6526600
6039100
6039500
5739000
6367200
6715000
5720500
5950500
5653100
6270500
5796700
5837000
5692300
5759500
5711200
5751900
6243800
6592800
7312100
5823800
6238000
13111000
5755800
8202800
5797800
9664800
5766000
11225700
7336400
5780600
5917500
5894700
5686600
6624500
6333100
8304400
5754600
5704900
6146400
5863800
5723400
8211800
5794400
5706800
9387800
6019600
5888700
5592100
5701800
5807700
6291200
5736300
5678000
5757400
