67229600
23504000
41661900
40350700
56994600
31938000
32692600
49993600
133075600
40861800
47676000
14528500
48303100
84119900
17210200
15650800
120369200
21200300
58101700
93712800
84838600
26199900
15947700
56373400
21074100
21138300
20131900
14417500
13770100
16944300
14017200
47115500
104066900
26041600
39121300
14539500
71589900
12850700
22881200
24232200
15558400
67161200
20137600
29171800
13412700
27347800
22970400
38638100
28661800
53190500
35850300
27403100
12524300
42597200
21758700
44232700
65728400
17948500
73255800
33400500
25753400
99282500
82654100
16172500
110631000
30511200
38546400
72591600
32865100
31021100
53230600
51765800
67711600
130818100
66055800
34508400
47736000
41232600
41325900
15802100
45303600
47144600
30897100
65025800
23862800
18439400
17902300
16776500
98827900
26447400
83568500
62342700
31685600
23497400
46652100
30501400
40922400
19078400
59927200
32556900
38601900
25797500
61483800
117087700
13741500
118588700
38228200
12418000
13963100
22173400
27490100
15200100
15827100
19970600
19445000
21518800
29327400
53184300
19289700
86581600
14359600
27876200
78166100
22164300
52334600
19473000
34589900
23352600
12672200
17318600
16743400
65262100
15394800
24844600
16221600
98867200
40821100
40060800
14499300
39572400
46335800
19594600
45524100
27415700
15263700
20947500
21327800
102669800
31408200
25545000
41714400
31443300
34415900
20185500
42631700
27011900
41563500
45830300
13611600
19631500
35631000
103580200
36197100
41700200
33511700
48461700
47345500
12885600
13033100
15761700
38280400
39799000
34816800
76557400
15545600
74472600
20021100
30413500
34077700
13173800
14868300
12247400
14793100
107340900
16217100
16991300
70802500
13673700
13338000
12189500
19163400
28112300
14088800
27607900
16363300
62523000
13122000
14097500
12805900
33391600
18872000
12695300
11733000
49378600
19488900
126201600
76224200
18681000
12015600
12744000
93462400
31565800
78273500
10921700
26930700
12273800
37293700
10985800
24357300
32310900
31766000
50568300
11309000
36939300
24032500
38287700
11379400
11067600
11046700
12843300
38967200
70040600
14137500
51015800
59429100
26091400
38406900
11772700
11041400
24884200
37521100
50769300
10762900
58925900
33795800
11381900
32077600
189999100
59379300
31350200
47065100
281558800
137502500
18073700
273734100
11373800
67565500
125441900
25094000
60594300
7139200
7593400
6754200
7069200
6574500
6625200
8918100
6660400
6545600
6608600
7768200
6631400
6581600
6632600
6527400
9643300
6628400
6547000
6571200
8596700
6649000
6542800
6549300
6543100
6585100
6495300
6417500
6398300
7095400
6516300
6550000
6440700
6515900
6947200
6573500
7151600
6362400
6484600
6863100
6357000
8237500
6470500
8777400
6594800
6852900
7011800
6872500
6663200
6611300
6565800
6690200
6591400
6577600
6619900
6636600
6618100
22462900
8572900
8312700
6696900
6426600
6494900
6571000
6509200
6479600
8874800
6447000
7054900
6536800
6570400
6427600
6794000
6695100
6720600
6568300
6593100
6782800
6654200
6641100
6699100
6655200
6763700
6652700
6576200
6703300
6555000
6402500
6485700
6525600
6486700
6676700
6814000
6552300
6531200
6571200
6719300
6617100
7849000
8613200
8874000
7416700
11711400
8653700
9085400
8544900
35020400
15724900
7313700
7525600
7090300
7101000
6889200
7092200
9632800
6903400
7360400
7359700
7163900
7222600
6996800
7000300
7393800
6932900
6970700
7070000
6881200
6986200
6986400
7006300
7150100
6975100
6805700
7037800
7006000
7048800
7266100
6935800
10025300
7204900
7015800
7115000
6968600
6837200
14222400
7862900
6944300
7099700
6833500
6936400
6934600
7104200
6985400
6918900
15668000
7116600
6957000
7005800
6928400
7277600
7212300
17767200
7549400
24122000
7423400
7297500
14929700
7220200
6964400
7133800
6912700
8057600
7028100
7840800
6860400
6762900
6794200
6907000
6930700
7060300
6952100
7019100
8316100
6958700
7096000
7171800
7510100
6767100
6684600
6523200
6632400
8506900
6855000
6718700
6687700
7200400
6733100
6666200
6921000
6748800
8762500
6713100
6855000
6769500
6703900
6493600
6625900
6751600
6640100
14165200
6637400
6700800
6494200
6445000
6585900
6942400
6407400
7680600
15422700
6902400
6561000
7239400
6678600
6683300
6637900
7162900
6865100
6590700
6784200
6680100
9218400
7105300
6599000
6463600
7576700
6875700
6611700
6803400
6631300
6633900
6612100
14106900
6753700
6628800
6602700
6572900
6509400
6748700
8716800
6449200
6607400
6610200
6684800
6643200
6329500
6421700
6404400
6559500
6420500
6557200
6899700
6718100
15820900
6674800
6537200
7731100
6670300
6716000
6687400
6779700
9595300
6796400
6678400
6633000
14576100
14184800
7997000
6697000
6717200
6612300
6662000
9291700
6679900
6569500
6630300
8040400
6592500
6648400
6571400
6787500
14833100
6736000
6730900
8177000
6451700
6851700
6428900
6488500
6399400
6546400
8296600
6485600
6579000
6519500
6934600
6378700
6538500
6536700
6567400
7466600
6583200
6800600
6518700
6509700
6381500
6446300
6486900
6417800
6383200
6373000
6393100
6672500
6422000
6412900
6409600
6375900
6476400
6439400
6866400
6482700
6360600
6497600
6383100
6470200
6476300
6743300
6562700
6601000
8334500
6416000
6590200
6453100
7015700
7422900
6871000
6578400
6457800
19512800
6670400
6613400
6618500
6535500
6759500
6498000
6495100
6355700
6457600
16833700
6497900
6481500
6581100
6844200
6602300
6529400
6793000
6651700
6500800
6628500
6301200
6524100
9050200
15277300
6563000
7554600
6623700
6845400
6758000
6490800
7215100
6701500
13983600
7254700
6558100
6613800
6659000
6616700
6906300
6588000
6594600
6626100
6676000
6449500
6297700
8737000
6302400
6397200
6411300
6883800
6427000
6447200
6489800
6443700
7394600
6450800
6498900
6640500
6452700
9063500
6506800
6545000
6465500
7137800
6489900
6550600
6483300
6321100
7983200
6504000
6536000
6445600
6756000
6579500
6498600
6557900
6453800
7003000
6464200
6399200
6297500
6460900
7702600
6529400
6526600
6392500
6384400
9554200
6607800
6486500
6581100
6672600
6486400
6616000
6555700
6507800
8662800
6507300
6459600
6466700
6486400
6510800
6506600
13605200
7003400
6478600
6528300
6500300
6477400
6447800
6462100
6472500
6500700
6480900
6531300
6502200
13532800
6606100
6512900
6479600
6369000
6442600
7382200
6481400
6568600
6470500
6426700
6650800
6426000
6549200
6497900
6551500
6548600
6455300
8174800
6592000
7023200
6578100
6501600
6483900
6538800
13807900
6514000
6454800
6529600
6397500
6800400
6541000
6434200
6580600
6510200
6654500
6501800
6509300
6475800
6434600
6498700
6422700
6555900
6484200
6399500
14347200
6523800
6571100
8970300
7319500
7400500
6645700
6706700
6477300
6499000
7005700
6779000
6840900
6649600
6689600
6655900
6577100
6588700
6591900
7370500
6672200
6685000
6621100
6593500
6593400
6575900
11816600
6797400
6566300
6471400
6991700
6506100
6836800
6744300
6524300
7314000
6503700
6651100
6808600
6709100
6493400
6421000
9146900
6711100
6676800
6775000
16740400
7393100
6594000
7829400
6660400
6697900
6559300
6580300
6611900
6519400
7008300
6410500
6627100
6476100
6457200
6651700
6525600
6439900
6397200
6741100
6858000
6521000
6506500
6398100
6636600
6507200
6447400
6500100
6470100
7143600
6614900
6486500
6497300
6659600
6570600
6926200
7551600
7210100
8168300
6938900
7070700
6936200
7455800
7001300
6891900
7093200
6878000
9079000
6811700
6933800
6745500
7776600
6946400
6774500
6772100
6947600
6916800
6931300
6835700
6801100
7083200
6869100
6647800
6672600
6723700
9421600
6567500
9604200
6896200
6695500
6707600
6812000
6746900
6743800
6695300
6798700
6984100
6636200
6707800
6589200
6583300
6474300
7146900
6549800
6553100
6565100
6418500
6677600
6451600
6464400
6892600
6460400
6567700
6544700
6457500
8697300
6502400
6511600
6438600
6943300
6512600
6405000
9651100
7102000
7026200
6719900
7437700
6905000
8622200
7253800
9106300
6990900
14797600
8711400
7039800
6866300
7040300
7763800
6812400
6932700
6715200
6720800
9533400
6579800
6501200
6525000
8117400
6495300
6578200
6791500
6669600
6484100
6498500
6442600
6458000
6875900
6740200
6613900
7094400
7174300
8099000
7711600
19351600
9204800
9246300
9575200
10518800
10104000
10440200
11496000
28883300
9661800
8385600
9078500
8317800
19939600
7960800
7814000
7622800
7867100
7746300
7801400
7530400
8182200
7746400
7537800
7226300
7345400
7455600
6747400
9284200
6963700
7027900
6685300
13710600
6526100
6295900
6261300
8923200
6415400
6980400
6382700
7262300
6249500
6658600
6551800
