3200500
553000
659900
5488700
881300
383000
715000
517100
396700
391200
484900
512800
353800
335100
529500
483800
438500
322500
310000
472700
512500
384000
360500
362800
500100
480500
497000
426700
658000
581300
445400
423300
436700
453800
475600
435400
457800
458300
432800
461300
506900
349400
378700
369900
510800
444100
395500
363900
353400
343000
342200
550000
357900
418800
380600
392800
374700
401100
462500
474600
523900
437800
398200
564500
599700
462900
473200
397100
487000
471500
478600
399300
391900
476300
514000
577800
371600
418000
586200
430700
347500
381800
469300
429900
461900
371600
487500
575100
546900
614900
404300
440900
426000
407500
444400
429500
432400
704100
629300
526900
1110900
1782200
710700
545300
610700
501500
414200
477200
405800
447400
405700
389500
430700
375500
395400
429900
580600
529300
448500
406700
501200
490300
382900
703100
753700
515900
687400
810100
672800
1127800
515700
485800
1710100
1350600
1264600
670200
496300
417200
412700
725500
3501000
1371400
863500
577700
850200
720100
903000
905200
605400
979800
1144900
618900
491900
452700
371500
369500
407100
405600
371000
320900
316100
268200
295200
323700
348500
345200
287200
255600
304400
779000
403600
274400
283600
390400
428300
454900
278000
309400
289200
413200
396600
408500
363200
351700
372300
391200
367400
366400
383700
350100
375500
369500
359000
399000
345500
376000
344200
690100
376700
353600
321900
320900
341200
291800
324800
433100
314200
336500
324800
363000
369200
362900
325300
317500
354500
335600
460300
357100
417900
361000
291700
281500
320500
420100
414700
331400
296800
321500
406800
422900
398200
273800
293600
284500
427000
418600
394600
315400
311000
438800
429600
454200
301400
282700
298000
437000
406200
402900
280600
337400
409800
434200
391000
274700
315600
784800
435800
358400
307000
401200
372700
417700
354200
360400
348500
348800
370900
361400
336200
360000
351600
392000
383200
356200
383900
363400
349700
312300
272700
271800
264300
271700
279200
408800
289100
321700
295400
288700
274900
302600
391300
317700
306600
300700
303900
299200
307200
301000
319600
455300
314700
317100
306900
311700
330400
300100
310400
300700
323000
314500
330100
374300
305400
346500
361600
324300
326500
323200
297000
322000
326400
312200
284800
310000
302600
240100
304700
320000
375200
737300
269700
335200
434800
437900
307800
331400
302800
396400
357400
390100
375400
365900
329900
428500
363400
367400
353000
397000
364300
419200
458000
463300
345700
319500
344800
321000
373000
377500
467600
332800
286100
295500
309500
329500
399800
475600
438900
293100
301700
300800
381700
288700
374100
377100
385400
344500
268500
322500
979900
338100
370400
373200
355100
271500
268300
291900
335000
365500
333900
287700
284000
280100
396400
369700
404300
446400
269400
300900
325000
389400
335000
312400
294700
309400
347000
340200
380500
255300
264000
264300
402500
375900
371300
253000
260300
255300
347000
352400
349400
399600
401300
343200
322600
344300
316500
310300
362200
333200
344200
329800
327100
322300
309800
367000
387400
364800
313800
286500
297000
382600
286100
294700
277200
261100
253900
310800
300600
273000
265400
295300
294000
274900
270800
283100
237300
238900
241200
239600
237700
237300
239400
254200
284500
286300
285000
306700
255300
253600
252000
270700
272500
247200
250400
241500
289900
250900
278300
242000
241100
238000
239200
240000
237600
239300
241100
237000
238000
283600
240900
287300
384200
324300
290000
239800
237000
219100
216400
217400
215200
235400
300200
248600
244400
230500
253500
253900
247500
238900
275100
376400
238200
256400
253700
245100
247700
259100
214200
214500
213500
216300
241800
230700
267900
247200
280700
274000
230600
227400
274900
268200
271500
268200
237400
212300
230400
214200
280800
308200
451500
360000
296800
295000
355900
387900
382400
359500
326900
320800
373600
316000
336500
346100
313100
306200
328900
296200
294400
303400
362700
369300
367600
342400
329200
326000
332000
316000
301500
281800
281200
339000
320800
310800
341300
335900
332300
317400
292100
310100
358100
373200
397500
335900
295700
266500
286900
288200
300400
317100
359500
720200
299900
267000
261900
383900
383600
475800
297300
296200
292400
336400
339800
341500
283300
272600
292600
412100
425800
418900
365000
329400
303100
292500
299800
308600
408200
358200
345000
438000
364800
349800
351400
346800
331300
329000
328200
338600
345400
338300
284500
319700
262400
315900
254500
249600
255900
270200
283500
268300
251600
269700
272900
273300
322600
361200
311300
283400
265400
264800
254600
257800
291400
312100
312700
266900
237000
263100
231000
227700
230000
227400
271900
278900
275500
289500
253400
228000
226900
232000
268200
285500
253900
330000
291300
288200
298300
342800
342100
321500
316500
320900
288700
265700
263000
272000
253200
247200
266100
252700
280000
246200
340400
335800
286100
278900
4855400
342000
331800
335200
295300
353600
407000
352600
313200
343600
360300
376500
323000
315800
342900
281900
315500
310500
366800
387000
344300
257000
294300
306000
272000
268500
277600
329100
392000
372000
297800
270200
268500
325400
336900
326100
386400
407300
444100
312900
295600
299600
407300
398200
396400
265800
263300
254500
376600
362100
395500
318100
280600
279500
357100
362700
388800
356000
304000
306900
320000
319000
302500
350600
359200
343800
310500
273500
271200
270400
273600
301200
293900
327300
378900
346400
480900
332300
312800
324400
277300
275000
275500
274900
274000
286600
302400
324900
294700
284500
341100
285100
287800
283500
282700
287000
293500
282500
303500
300500
300200
306700
278000
278700
317900
317400
350800
286700
259000
220700
235100
252200
285600
244400
243300
243400
261900
230800
229800
243700
248900
267200
299000
283100
278800
273300
257000
267200
303500
303800
303900
280600
239900
237300
236500
319900
334900
351500
294300
237500
238100
239000
419300
329300
388300
262900
285700
290200
382500
379700
433700
317600
336400
303300
291100
289800
286300
288100
289800
289500
288600
265300
253200
248400
246800
244800
245500
244000
246600
248900
243400
248500
243100
243300
247100
244600
245300
221100
243400
231000
236700
270000
259500
226600
329200
274500
272800
274100
251800
219800
218900
221300
220800
221800
220000
221800
291000
351200
367400
365100
315000
235000
233200
254300
219700
219500
236300
248800
327400
302900
311500
324300
324700
346400
352400
351200
496500
296900
292200
338600
406100
549400
290500
297900
255800
315900
300400
299000
302100
280600
275300
296000
342400
306500
306400
268100
246000
270600
301900
390100
370000
312900
238700
218600
242800
356200
321800
318000
312000
332700
281900
269900
286600
249900
248500
303700
247300
264100
249700
260400
249400
276000
262500
287000
276100
276900
263700
264000
272700
273100
276200
267400
275200
265000
269900
225800
237900
222600
221700
221600
220600
219300
257000
343700
289100
352000
272100
264400
284300
259100
239200
240100
236500
253500
241800
239500
239200
250000
271900
254500
246700
280600
291200
272800
356400
284700
