29760800
15786600
19720900
18345800
19794000
14995900
14228000
11517500
17295200
14176600
9861200
12709400
11668600
8350400
11492600
14167000
12801300
8419200
9812700
11645300
12743400
8063400
14715000
8679900
8937200
9271800
11874300
11963500
7381700
9375500
6635200
8835900
6416300
9419100
6471600
7368800
8129800
10890700
12218700
10027500
6658200
12739400
6742200
10498400
12137700
7317100
10214200
12161500
6208000
6854300
8213100
7159700
8406000
10616300
6561400
6676300
13034000
8238700
7050600
7887400
6493000
8578500
6947800
8380600
6732700
9075600
6020900
10152200
6547100
6649800
10023700
12788300
6417200
6755400
6618700
8412400
8440700
6508400
6586300
6542300
6450800
5930800
6766000
6957800
7732200
6312100
9832800
7142300
12714900
12454500
7647700
8347900
7416900
11710900
6557600
6578500
7399000
8277400
7616300
7877800
8669900
11928000
7744700
8245100
6789400
6438700
6497300
6423400
6811700
13039800
7657100
11234800
11451200
6287700
6212500
6321800
13277200
11507800
6321200
7353500
6101300
6621000
9438600
7230700
6172000
6591700
6802600
6583400
7877200
7991700
10193200
6882300
6778700
7057500
6582300
6634500
6847000
6706900
12824800
11344900
11003600
13201500
6850100
13214000
11437800
13558000
6669100
12524800
13045800
9580600
10937800
7588200
6748300
7992800
6921300
6871900
6703700
7063100
10893400
6695400
6727800
6460500
6585300
13046000
6610600
11674200
6794900
10918100
6732500
9580100
8045000
6134300
7809500
11921900
6522500
6639600
6892700
6974700
6330400
6783800
7043200
7970300
8922500
8914900
11535700
7157600
6948100
6760100
13181700
11127800
14016100
6920200
7726400
10260800
10859400
7622700
10023700
13020900
14857300
9879400
6950100
11371000
10722300
6609700
6602700
6656800
7138100
6927500
12204700
7536200
12666200
8911300
6597900
6828200
6748400
6701500
6834200
8655300
6204700
6395900
7398400
6493500
13326000
9673200
7571500
7377400
9904800
10280600
12335900
12464100
13066200
12633900
12691400
12941500
13456900
12149900
11915000
7727000
12505900
9597500
6943100
10983100
7461700
7132700
12399100
8136000
8919900
6730200
11627200
13523400
7040600
6806700
11581700
6876400
9576500
13977400
8136800
7374100
7299100
12810300
7917200
11404200
7030700
7239600
6368500
12634800
15570900
14499200
11722400
12431000
7202300
12228700
13414500
14240100
14158100
13610600
14352600
15240300
11565600
14216600
15529300
12469400
6957300
8228100
11852200
10582900
7571700
13255800
11733700
12694900
10765900
6950100
12493300
7030100
7368300
6820900
9947500
13056500
7507300
6842700
11329300
13105600
9475000
14291100
7732000
7814300
8338300
10409500
7457400
8621200
7897100
11201700
8236900
11466400
7002200
7692500
6919200
12656300
17226500
8675400
11175600
13112600
15131300
9820400
7473900
6336000
10433200
7732700
11984900
6535000
10661100
9720700
8562000
13038000
10729000
14338900
11875300
8253600
6167300
13198900
6718700
6877100
6931600
6460300
8376400
6302400
7087700
7168900
6858400
6354900
6997600
8023600
13709800
6699600
7905500
8434000
12877700
14846800
14599700
12664000
13327100
12776000
13378200
7525100
14176000
9631400
10105900
7938900
11715100
13284000
11833800
9228900
8869600
11410500
7232900
7289800
8155000
6687600
7049600
7079300
8165500
6673500
10171700
7663500
7503500
6482300
11309800
11544700
13675400
6658800
6509100
6705900
6176100
6178900
6237000
6494900
11659000
11327000
7391500
13220700
12320400
10560800
8741700
6998800
8459300
10008200
9591700
13555000
13124300
6262500
6878800
11043400
12606100
6555800
6475800
7455500
9578000
8062400
12776800
9031000
10171400
7138500
8845000
6967700
6280300
6497000
6615200
7130200
10764400
6626200
6521800
11855400
6754600
6667300
6816200
6732900
6489600
7715800
13287000
12790600
13198700
12008900
12598300
6892200
12874200
6724900
6414000
13442400
13139100
6807400
6761200
6574600
9623700
12779800
6735900
6659900
6787900
6891400
8009600
7453300
6690500
6590800
7133200
6920800
9573500
8796200
12906200
9912800
6725600
12258100
6694800
11992400
7938800
6187300
10434600
10708800
9603700
9056900
7003700
14359700
11787200
6466700
10151700
6340700
10661300
13454200
6348300
6538700
6290800
11200000
7134200
11765200
7345300
13656500
6450500
6585300
7335000
7506900
6708600
6445800
6372500
9509000
6457500
6747400
6955100
8821800
6574400
12252600
7018800
7149200
12976600
9488300
14523300
13109900
12370100
7522500
7228700
6253000
11145100
12936800
6280200
8481800
10422900
8439200
6792200
7206600
6630800
6746200
11682900
10441000
9259000
6329600
9430300
12440900
8746900
11930400
11293000
6419800
6667200
6604800
6406800
7596700
6728500
9555300
7144200
10237300
9068100
6743800
11672700
7211000
8088000
6691700
6818500
7511300
11901600
8947300
10948300
12795100
10489300
13707000
10205900
7544300
10081200
10858300
9703400
12060300
7941700
6792100
6833400
11548200
11125500
7563500
9833400
8559900
12158000
10542800
14014100
12682400
11167600
10915700
12336900
6661800
8667600
6232300
8937400
6603100
9231900
6792900
10256700
7378100
7438500
7555800
16668600
16982300
13691200
15074800
13536200
12743500
6717400
6236800
6402000
9751000
10682100
8574400
7170500
6620000
7060700
8748000
6829900
7097400
9009700
6639700
11208100
6727800
7807000
7214700
11667700
9827800
11049600
13729800
6495500
11027300
10468900
8685700
8121100
5999200
6413600
6881900
7174900
10810600
10886000
6976900
6572400
9339500
7099100
11091900
8833400
8303700
13041300
11488600
6982300
6588700
6727900
6501100
6935200
13865300
6495000
6645500
6212200
7626000
6776600
6558700
6777800
9562700
9788300
11318900
11569000
10310000
7424200
7096700
6365800
7511500
6927700
6822000
6962000
7463500
6797500
6645000
6552000
10897400
6384400
6484300
7869000
6948100
6841500
7331100
6667500
7983100
13584100
11803100
6635800
11386400
10940700
12082300
8405100
9115000
10043400
6906200
8549800
10034600
13339400
13525700
7186900
6390200
6633200
6553000
6527900
6928400
6437900
6655800
13285100
6485100
6706300
12885000
8748800
6559800
6641400
6667200
9615100
13120200
6391700
10593800
7234900
6645800
6297800
7245100
9625100
6516600
6287300
6574700
7221000
6736700
6589900
6574200
6035300
8403300
10897400
13338500
9597800
9697900
7243000
6284000
6890800
6412000
10215900
7756800
7044500
6742200
12161700
7855300
6510100
6313900
13780200
9403600
6383000
6782100
6673100
8327400
7262300
6828800
6795000
7683700
13797700
6578000
7281300
8930000
6678900
6909700
6748400
7437100
7065600
8107000
6775300
6431400
7337500
7177200
7449400
12278900
10651100
8266100
13910900
13462400
6873300
6494700
7045800
9761000
8614400
14023000
9722100
6948900
13271800
12062200
14059300
9433300
11508900
11112100
6816900
9231800
7161300
6447800
6386100
6705500
6620600
14657000
6513800
10216600
10216800
6593700
6742400
7266700
12702600
11063400
6630600
6777300
7050300
6725700
6491600
6860500
12101400
6553200
7601400
7719000
11184000
12373700
6392800
10020400
9543000
12451300
7996600
6926200
9756700
6665600
6829400
6338300
6614300
10048700
6566600
6446500
6471700
6043000
6711000
7211800
6267300
6061600
6036800
6642400
8270300
6956100
6379100
6211700
6395400
13501900
9609400
6300600
8184700
9853200
8193300
7174600
6658800
6323400
6611200
6270800
6516100
7231000
6081500
8595700
6396700
6525700
6205400
7151600
6145800
6107100
6289300
5890900
6668400
6589000
5918900
5957500
6216900
7196900
6285900
6384400
9601000
9594600
6210900
6073400
5871400
5904300
7068900
5831300
5903800
6776500
6294200
6509700
5976900
6085900
6093700
6105900
6147400
6539200
5721700
6061800
6136500
6714600
9551200
6131300
5893400
5927000
6253100
5944100
5952300
9970200
5788000
6531600
5944000
5855900
6053300
5946900
8218500
6357700
6215900
6161700
5955500
6246000
5816200
6081500
5877700
5656300
6170900
5903800
5960800
8659100
5856000
8301200
5982000
11077700
6006300
8660000
5879400
7214000
9751700
6660800
6017100
6777100
5943500
5935900
6040500
5911100
6113300
5925500
5825900
6140700
6176800
5931700
8907200
6500800
7575300
5999700
6191300
6226400
5835700
5895900
5956200
6937500
5842200
6240900
6020500
5921700
6007800
6009400
5882100
8709600
6043100
6114700
5896700
6354700
6197900
5893900
6090200
6080600
7449400
6102000
5844800
5870200
6390800
6474500
6038400
5770100
5992600
6015900
5862600
8404800
5592600
11077500
5987700
8868200
5844300
6018900
5856000
6037800
8320400
5963100
5876000
6102000
6721100
5889700
8550700
5831000
10495200
7035500
