452805300
16161800
108918100
22799300
21167200
107689700
97351500
23896400
58317400
57082900
12937700
149316700
19454200
76705000
20791800
65403700
56452600
37890400
129043800
13509500
49044800
93133500
36578600
39013800
50152400
68894500
64691600
44555100
29558300
75547500
53523800
55942200
16493100
14024300
13775800
24862800
40346700
17118800
25819200
75722300
46109800
66782600
66467400
234391400
372792300
111643100
227933300
20287100
15763900
37363700
42250200
21059900
19762200
29995200
16670600
47810000
218626200
34069400
33886500
89199600
52990500
15545200
27723800
73252400
30407000
16000100
32804600
41447700
236606700
12368900
81324500
27570600
41982900
37375800
12241600
102251000
151956300
229368500
37920500
52764900
53430300
63373600
29078100
141895900
48723200
28028100
26279000
13487100
67493400
118226500
13181400
114787000
63608200
36495200
114998400
86950900
114577400
49051200
27808200
103342900
35968900
84676000
119834000
30324300
80997700
162107200
146611400
98908200
60059100
35773200
657480300
200048700
142036400
925506300
1164396300
358739400
8477100
8232900
16750900
275250800
78277600
60860000
28746300
32709800
310159300
68737900
166553600
148751100
92932800
14250000
113254700
387270600
81436200
102608400
69491500
485356000
91976700
173019900
138019400
328750900
783325200
221338700
92631000
63507500
152029200
89727900
7241900
7228700
7417500
6921700
7475700
6901800
8050400
6816100
7541400
6820100
6890800
6893800
6869600
7307700
6964200
7288200
6922800
6848400
6890000
6923700
6966300
6919900
6725400
6623300
6726100
6600800
6773500
6637900
6603400
6584800
6618000
6810900
6575500
6551600
6672400
6580800
6786200
6601100
6850200
6472000
6604300
6626000
6571200
8380900
7339400
6894300
6686500
7217200
6763100
6682700
7526400
6908500
7056800
6803900
7553400
6750300
6725100
6708500
6698000
9306200
6753600
9590300
7438600
6997900
6787900
7077500
6859700
8510600
6820200
8175800
6559900
7883500
6737900
7261700
6606700
6809200
6592000
6564100
6561600
6536800
7129300
6564500
6716900
6609800
6596300
8541300
6881200
7129100
6671100
6669000
6635800
6535900
6608700
6592300
6547500
6569900
6843400
6568100
6572800
6595200
6637500
6879900
6608800
6674400
6576200
6596800
10559100
6704900
6621100
6582000
6584300
6581400
6536700
6544600
6553200
6667700
6571300
8151600
6574000
7798400
6601900
6569700
6562800
6527200
7181000
6735100
8361800
6686600
7367700
6787600
6682500
6580500
6629500
7072300
6567600
6577300
6575900
14862400
8509900
7095700
7098500
6752200
6714500
6646700
6783100
11634100
9916900
7208000
8383200
6958200
7151500
7226800
7484100
7419800
7308400
7350000
7310400
7127400
7250500
7091300
7246300
7511000
7289000
7202800
7031800
7014800
7072100
7141600
7213700
7114000
7194800
7058200
7163500
7090300
7185100
7395200
7068600
7093700
7033500
7210400
7058600
9367100
8741300
7531900
7190100
9347400
7026500
7065100
7032400
7966700
7526200
7302400
7168800
8302100
7399500
8445200
7215000
8344200
7321300
7250200
7184200
7586800
7108500
7162600
6842000
6945400
7649500
7242200
7124900
6928300
8306600
6822800
6902400
6805000
6894500
6820000
6868900
6813600
6751600
7236500
6859800
6923200
6861400
7939100
7307800
7045100
7093900
7003500
6959900
6830600
6710500
6775200
7901800
6848300
6939100
6791500
6762900
9739200
6798600
6738400
6701000
7144200
6773300
6703700
6624600
7161000
6760000
6751900
6684900
6714700
6696300
6698700
7104400
6719700
6731000
6655500
6741200
6760600
6767200
6898400
6736300
6475000
6425500
6577300
7993500
6584800
6540700
6531700
6857100
6852000
6717300
6593300
6671400
7599700
6656000
6583600
6590500
6575000
6712300
6620000
8214800
21712600
23153900
14449800
9549300
21644300
8409200
7576500
7425200
7120700
7102100
7080400
7164700
7124900
7196300
7140400
6748800
6584700
6652300
6595400
6661800
6938600
6577600
6555300
6558700
6599000
6647200
6603000
6605600
6556000
6922300
6580000
6479800
7403300
6655200
9750600
7050100
6862900
6649700
6772800
6670500
6684400
6784500
6583000
7709300
6836300
7192400
6719700
6693700
12148200
7051700
6866200
8273900
10539000
7149500
6902100
7719200
6903800
6953700
6934900
6964000
7150800
6965300
6889800
7013300
6930500
6869500
7298500
6906400
7090100
8177300
7732700
7201300
7001500
9914600
7250000
7121500
7072800
10322000
8343700
7184600
10052600
10493600
19846700
8789300
9016900
7982700
8531000
7840200
7633500
7393800
7282000
7538000
7229700
8169800
7520100
8498600
7688000
7587100
7448100
7707900
7555000
7387800
7449400
7365400
7811300
7453000
8471700
7753300
7977000
8057800
9333400
7474100
9731100
7580300
8655100
7741100
8353900
8064000
8319400
8058200
8569900
7609300
8470600
7768400
9497900
12758500
20948000
15267400
11414300
11722500
13713000
11959900
7921200
9933200
10498100
10214600
7855600
8646100
8126600
8567400
7823000
9363400
8277600
8666000
9902100
8528100
9920800
7762600
9115500
8532300
10564200
7592800
8920300
7458800
10145000
7783200
8199400
7544500
7774600
7943800
17814800
10631700
11685400
8781000
9640400
13024900
8427200
9758100
8911000
10698600
7644300
10906600
20465800
13636000
9600000
8685000
10818100
7558400
7764500
7757800
9353400
7583900
7611800
7623600
8013700
7518800
7807700
7703000
7582000
7435700
7557600
7588700
7905100
7970800
7494000
7380700
7300300
7559400
7318100
7561600
7603200
7752000
7606700
7555800
7652400
7716100
7683300
7460600
7426100
7343000
7361400
7418900
7486300
7536200
7401300
7555200
7592200
7428200
7375800
7344600
7329100
7281900
7958900
7612800
8543500
7730000
8282300
7956800
8157800
8017200
8615300
7837900
8041700
7693200
7697600
7616600
7899600
7609300
7639700
8580400
15198200
7236600
8385100
7223900
7603200
7502100
7075800
7127400
7075100
7768000
7702700
7577800
7195700
8398700
8876800
9028700
7267200
7655800
7366900
7401900
7187700
7163400
7127500
7125700
7098000
7133500
7120700
7073700
7579300
7555600
7630200
7312900
7201600
7174600
7027200
10423700
7299900
7135100
6990200
7084200
7006600
6892200
7021100
6989300
6943300
7122500
7153700
7206600
12524000
7448500
7420900
7688600
7274100
8394600
9472500
7920400
7260000
8195800
7770600
8035900
7490800
7397600
7438200
7349100
7367100
7276600
7188600
7115900
7118600
7120000
7023600
7144900
7841800
7235200
7105700
7023000
7159200
7212700
7329700
7147800
7184900
7021400
6970300
7440400
9060000
7260200
7267700
6983400
6972200
6974700
7375000
7016000
7076100
7006600
6934900
6906800
7052800
7058700
7170800
9673100
11603300
15260000
8524600
10664000
11676800
16997600
10147300
10584400
11859400
7610500
8453500
7515000
8179500
7437700
7776500
8092900
8233800
8388400
8484200
7711600
8051200
7529200
8627500
7529900
7631500
8283900
7501200
8228400
7485500
8860900
7639900
13056200
10522200
7637200
9184800
7847100
9117700
7575300
10748100
7825700
8463900
7512500
8013700
7503500
7727500
7533300
7874600
7592000
7764400
7682800
7463400
7767800
7465100
8021900
7448300
8210300
7587400
8037100
7483000
8601700
7797000
7858100
7536700
7531800
7547300
7383500
7824300
7485300
7505800
7470400
7506300
7803300
7508900
8021500
7668000
7540800
7544000
7530500
7468100
7524700
7290200
7624800
7266500
7690900
7392800
7702900
7351200
7790000
8318800
7362600
7618200
7346100
13528500
7921700
7411100
7357800
7850600
7270700
7596800
7457600
7599500
7213100
7521200
7423900
8113700
7543000
7295400
7965100
7269500
9950700
7607000
7896400
7331300
7681900
7510600
7878800
7358400
7861600
7375000
7846000
7428500
7271400
7687700
7380800
7892700
7302200
7533100
7299700
7589500
7405800
7662700
7313700
7274800
7584300
7329800
7996100
8043000
7976300
7560500
7675800
7959900
7712600
7357600
7221100
7832800
7262300
7905000
7345700
8189400
7595700
8270100
7310400
7545800
7407600
7970300
7707400
7210500
8144400
7280400
10020200
9599200
10157400
10451800
9243600
9063300
8218600
8230500
7244800
7486900
7200100
7502700
7586300
7523900
7398500
7356000
10127300
8382000
7621300
7517200
7757600
7630600
8211200
7423700
8231600
7343100
8514100
8587100
8729900
7708900
7921300
7701000
7801100
7403700
7897200
7432400
7458500
8335200
7340100
8021200
7353300
8185500
7483600
8390000
7453400
8137700
7619500
7905500
7366900
7867700
7332800
7215500
7898300
7419400
7655300
7860200
8266000
8024900
10345100
7647300
10679800
7313300
8015100
7267500
9988700
7447500
8567100
7280200
7965400
7534400
8383300
7413800
8305200
7692400
